id;system_id;dependent_variable;independent_variable_1
1;1;0.0003049676007303994;1.0
2;1;0.00035965701322380995;2.0
3;1;0.00042414964036051214;3.0
4;1;0.0005002011070795643;4.0
5;1;0.0005898808121009187;5.0
6;1;0.0006956277589337166;6.0
7;1;0.0008203162241260066;7.0
8;1;0.0009673329580677733;8.0
9;1;0.0011406678908679974;9.0
10;1;0.0013450206323826594;10.0
11;1;0.0015859254144641895;11.0
12;1;0.0018698975270840506;12.0
13;1;0.002204604748642492;13.0
14;1;0.002599067762323349;14.0
15;1;0.003063894078408565;15.0
16;1;0.003611550534431551;16.0
17;1;0.004256679999216804;17.0
18;1;0.005016468428524056;18.0
19;1;0.005911068856243796;19.0
20;1;0.0069640891777620955;20.0
21;1;0.008203150578948328;21.0
22;1;0.009660523027407912;22.0
23;1;0.01137384315487187;23.0
24;1;0.013386917827664779;24.0
25;1;0.015750613338966463;25.0
26;1;0.018523824963299414;26.0
27;1;0.021774513966482223;27.0
28;1;0.025580788312007694;28.0
29;1;0.030031988389288174;29.0
30;1;0.0352297192059215;30.0
31;1;0.04128874481010515;31.0
32;1;0.04833762871990523;32.0
33;1;0.05651896597962104;33.0
34;1;0.06598900949121882;34.0
35;1;0.07691644876743618;35.0
36;1;0.08948005933356148;36.0
37;1;0.1038649155122697;37.0
38;1;0.12025686246775089;38.0
39;1;0.13883499354730722;39.0
40;1;0.15976199694366916;40.0
41;1;0.18317244051905124;41.0
42;1;0.20915936521306344;42.0
43;1;0.23775994657289096;43.0
44;1;0.26894142136999527;44.0
45;1;0.3025888856041179;45.0
46;1;0.33849684079704784;46.0
47;1;0.3763663717017742;47.0
48;1;0.4158094770645927;48.0
49;1;0.45636131276292136;49.0
50;1;0.49750002083312506;50.0
51;1;0.5386726052065083;51.0
52;1;0.5793242521487495;52.0
53;1;0.6189278548001906;53.0
54;1;0.6570104626734988;54.0
55;1;0.6931739493259504;55.0
56;1;0.7271082163411295;56.0
57;1;0.7585964618789353;57.0
58;1;0.787513155877461;58.0
59;1;0.8138161720984917;59.0
60;1;0.8375349374193041;60.0
61;1;0.8587564925549254;61.0
62;1;0.8776111131769512;62.0
63;1;0.8942587414290023;63.0
64;1;0.9088770389851439;64.0
65;1;0.9216514750369404;65.0
66;1;0.93276754941215;66.0
67;1;0.9424050347319578;67.0
68;1;0.9507339939159735;68.0
69;1;0.9579122720843811;69.0
70;1;0.9640841541172384;70.0
71;1;0.9693799019988838;71.0
72;1;0.973915924853617;72.0
73;1;0.977795378916464;73.0
74;1;0.9811090380629611;74.0
75;1;0.9839363143649922;75.0
76;1;0.986346340902649;76.0
77;1;0.9883990554848906;77.0
78;1;0.9901462444767687;78.0
79;1;0.9916325214005703;79.0
80;1;0.9928962262756114;80.0
81;1;0.9939702396546688;81.0
82;1;0.9948827107699584;82.0
83;1;0.995657702757653;83.0
84;1;0.9963157601005641;84.0
85;1;0.996874404613503;85.0
86;1;0.997348566798634;86.0
87;1;0.9977509594444087;87.0
88;1;0.9980924000956662;88.0
89;1;0.9983820886013329;89.0
90;1;0.998627845431592;90.0
91;1;0.9988363159040067;91.0
92;1;0.999013144904479;92.0
93;1;0.999163126157145;93.0
94;1;0.9992903296008995;94.0
95;1;0.9993982099761989;95.0
96;1;0.9994896993167265;96.0
97;1;0.9995672856761978;97.0
98;1;0.9996330800990352;98.0
99;1;0.9996888735618437;99.0
100;1;0.9997361853670718;100.0
101;2;0.0003049676007303994;1.0
102;2;0.00035965701322380995;2.0
103;2;0.00042414964036051214;3.0
104;2;0.0005002011070795643;4.0
105;2;0.0005898808121009187;5.0
106;2;0.0006956277589337166;6.0
107;2;0.0008203162241260066;7.0
108;2;0.0009673329580677733;8.0
109;2;0.0011406678908679974;9.0
110;2;0.0013450206323826594;10.0
111;2;0.0015859254144641895;11.0
112;2;0.0018698975270840506;12.0
113;2;0.002204604748642492;13.0
114;2;0.002599067762323349;14.0
115;2;0.003063894078408565;15.0
116;2;0.003611550534431551;16.0
117;2;0.004256679999216804;17.0
118;2;0.005016468428524056;18.0
119;2;0.005911068856243796;19.0
120;2;0.0069640891777620955;20.0
121;2;0.008203150578948328;21.0
122;2;0.009660523027407912;22.0
123;2;0.01137384315487187;23.0
124;2;0.013386917827664779;24.0
125;2;0.015750613338966463;25.0
126;2;0.018523824963299414;26.0
127;2;0.021774513966482223;27.0
128;2;0.025580788312007694;28.0
129;2;0.030031988389288174;29.0
130;2;0.0352297192059215;30.0
131;2;0.04128874481010515;31.0
132;2;0.04833762871990523;32.0
133;2;0.05651896597962104;33.0
134;2;0.06598900949121882;34.0
135;2;0.07691644876743618;35.0
136;2;0.08948005933356148;36.0
137;2;0.1038649155122697;37.0
138;2;0.12025686246775089;38.0
139;2;0.13883499354730722;39.0
140;2;0.15976199694366916;40.0
141;2;0.18317244051905124;41.0
142;2;0.20915936521306344;42.0
143;2;0.23775994657289096;43.0
144;2;0.26894142136999527;44.0
145;2;0.3025888856041179;45.0
146;2;0.33849684079704784;46.0
147;2;0.3763663717017742;47.0
148;2;0.4158094770645927;48.0
149;2;0.45636131276292136;49.0
150;2;0.49750002083312506;50.0
151;2;0.5386726052065083;51.0
152;2;0.5793242521487495;52.0
153;2;0.6189278548001906;53.0
154;2;0.6570104626734988;54.0
155;2;0.6931739493259504;55.0
156;2;0.7271082163411295;56.0
157;2;0.7585964618789353;57.0
158;2;0.787513155877461;58.0
159;2;0.8138161720984917;59.0
160;2;0.8375349374193041;60.0
161;2;0.8587564925549254;61.0
162;2;0.8776111131769512;62.0
163;2;0.8942587414290023;63.0
164;2;0.9088770389851439;64.0
165;2;0.9216514750369404;65.0
166;2;0.93276754941215;66.0
167;2;0.9424050347319578;67.0
168;2;0.9507339939159735;68.0
169;2;0.9579122720843811;69.0
170;2;0.9640841541172384;70.0
171;2;0.9693799019988838;71.0
172;2;0.973915924853617;72.0
173;2;0.977795378916464;73.0
174;2;0.9811090380629611;74.0
175;2;0.9839363143649922;75.0
176;2;0.986346340902649;76.0
177;2;0.9883990554848906;77.0
178;2;0.9901462444767687;78.0
179;2;0.9916325214005703;79.0
180;2;0.9928962262756114;80.0
181;2;0.9939702396546688;81.0
182;2;0.9948827107699584;82.0
183;2;0.995657702757653;83.0
184;2;0.9963157601005641;84.0
185;2;0.996874404613503;85.0
186;2;0.997348566798634;86.0
187;2;0.9977509594444087;87.0
188;2;0.9980924000956662;88.0
189;2;0.9983820886013329;89.0
190;2;0.998627845431592;90.0
191;2;0.9988363159040067;91.0
192;2;0.999013144904479;92.0
193;2;0.999163126157145;93.0
194;2;0.9992903296008995;94.0
195;2;0.9993982099761989;95.0
196;2;0.9994896993167265;96.0
197;2;0.9995672856761978;97.0
198;2;0.9996330800990352;98.0
199;2;0.9996888735618437;99.0
200;2;0.9997361853670718;100.0
201;3;0.0003049676007303994;1.0
202;3;0.00035965701322380995;2.0
203;3;0.00042414964036051214;3.0
204;3;0.0005002011070795643;4.0
205;3;0.0005898808121009187;5.0
206;3;0.0006956277589337166;6.0
207;3;0.0008203162241260066;7.0
208;3;0.0009673329580677733;8.0
209;3;0.0011406678908679974;9.0
210;3;0.0013450206323826594;10.0
211;3;0.0015859254144641895;11.0
212;3;0.0018698975270840506;12.0
213;3;0.002204604748642492;13.0
214;3;0.002599067762323349;14.0
215;3;0.003063894078408565;15.0
216;3;0.003611550534431551;16.0
217;3;0.004256679999216804;17.0
218;3;0.005016468428524056;18.0
219;3;0.005911068856243796;19.0
220;3;0.0069640891777620955;20.0
221;3;0.008203150578948328;21.0
222;3;0.009660523027407912;22.0
223;3;0.01137384315487187;23.0
224;3;0.013386917827664779;24.0
225;3;0.015750613338966463;25.0
226;3;0.018523824963299414;26.0
227;3;0.021774513966482223;27.0
228;3;0.025580788312007694;28.0
229;3;0.030031988389288174;29.0
230;3;0.0352297192059215;30.0
231;3;0.04128874481010515;31.0
232;3;0.04833762871990523;32.0
233;3;0.05651896597962104;33.0
234;3;0.06598900949121882;34.0
235;3;0.07691644876743618;35.0
236;3;0.08948005933356148;36.0
237;3;0.1038649155122697;37.0
238;3;0.12025686246775089;38.0
239;3;0.13883499354730722;39.0
240;3;0.15976199694366916;40.0
241;3;0.18317244051905124;41.0
242;3;0.20915936521306344;42.0
243;3;0.23775994657289096;43.0
244;3;0.26894142136999527;44.0
245;3;0.3025888856041179;45.0
246;3;0.33849684079704784;46.0
247;3;0.3763663717017742;47.0
248;3;0.4158094770645927;48.0
249;3;0.45636131276292136;49.0
250;3;0.49750002083312506;50.0
251;3;0.5386726052065083;51.0
252;3;0.5793242521487495;52.0
253;3;0.6189278548001906;53.0
254;3;0.6570104626734988;54.0
255;3;0.6931739493259504;55.0
256;3;0.7271082163411295;56.0
257;3;0.7585964618789353;57.0
258;3;0.787513155877461;58.0
259;3;0.8138161720984917;59.0
260;3;0.8375349374193041;60.0
261;3;0.8587564925549254;61.0
262;3;0.8776111131769512;62.0
263;3;0.8942587414290023;63.0
264;3;0.9088770389851439;64.0
265;3;0.9216514750369404;65.0
266;3;0.93276754941215;66.0
267;3;0.9424050347319578;67.0
268;3;0.9507339939159735;68.0
269;3;0.9579122720843811;69.0
270;3;0.9640841541172384;70.0
271;3;0.9693799019988838;71.0
272;3;0.973915924853617;72.0
273;3;0.977795378916464;73.0
274;3;0.9811090380629611;74.0
275;3;0.9839363143649922;75.0
276;3;0.986346340902649;76.0
277;3;0.9883990554848906;77.0
278;3;0.9901462444767687;78.0
279;3;0.9916325214005703;79.0
280;3;0.9928962262756114;80.0
281;3;0.9939702396546688;81.0
282;3;0.9948827107699584;82.0
283;3;0.995657702757653;83.0
284;3;0.9963157601005641;84.0
285;3;0.996874404613503;85.0
286;3;0.997348566798634;86.0
287;3;0.9977509594444087;87.0
288;3;0.9980924000956662;88.0
289;3;0.9983820886013329;89.0
290;3;0.998627845431592;90.0
291;3;0.9988363159040067;91.0
292;3;0.999013144904479;92.0
293;3;0.999163126157145;93.0
294;3;0.9992903296008995;94.0
295;3;0.9993982099761989;95.0
296;3;0.9994896993167265;96.0
297;3;0.9995672856761978;97.0
298;3;0.9996330800990352;98.0
299;3;0.9996888735618437;99.0
300;3;0.9997361853670718;100.0
301;4;0.0003049676007303994;1.0
302;4;0.00035965701322380995;2.0
303;4;0.00042414964036051214;3.0
304;4;0.0005002011070795643;4.0
305;4;0.0005898808121009187;5.0
306;4;0.0006956277589337166;6.0
307;4;0.0008203162241260066;7.0
308;4;0.0009673329580677733;8.0
309;4;0.0011406678908679974;9.0
310;4;0.0013450206323826594;10.0
311;4;0.0015859254144641895;11.0
312;4;0.0018698975270840506;12.0
313;4;0.002204604748642492;13.0
314;4;0.002599067762323349;14.0
315;4;0.003063894078408565;15.0
316;4;0.003611550534431551;16.0
317;4;0.004256679999216804;17.0
318;4;0.005016468428524056;18.0
319;4;0.005911068856243796;19.0
320;4;0.0069640891777620955;20.0
321;4;0.008203150578948328;21.0
322;4;0.009660523027407912;22.0
323;4;0.01137384315487187;23.0
324;4;0.013386917827664779;24.0
325;4;0.015750613338966463;25.0
326;4;0.018523824963299414;26.0
327;4;0.021774513966482223;27.0
328;4;0.025580788312007694;28.0
329;4;0.030031988389288174;29.0
330;4;0.0352297192059215;30.0
331;4;0.04128874481010515;31.0
332;4;0.04833762871990523;32.0
333;4;0.05651896597962104;33.0
334;4;0.06598900949121882;34.0
335;4;0.07691644876743618;35.0
336;4;0.08948005933356148;36.0
337;4;0.1038649155122697;37.0
338;4;0.12025686246775089;38.0
339;4;0.13883499354730722;39.0
340;4;0.15976199694366916;40.0
341;4;0.18317244051905124;41.0
342;4;0.20915936521306344;42.0
343;4;0.23775994657289096;43.0
344;4;0.26894142136999527;44.0
345;4;0.3025888856041179;45.0
346;4;0.33849684079704784;46.0
347;4;0.3763663717017742;47.0
348;4;0.4158094770645927;48.0
349;4;0.45636131276292136;49.0
350;4;0.49750002083312506;50.0
351;4;0.5386726052065083;51.0
352;4;0.5793242521487495;52.0
353;4;0.6189278548001906;53.0
354;4;0.6570104626734988;54.0
355;4;0.6931739493259504;55.0
356;4;0.7271082163411295;56.0
357;4;0.7585964618789353;57.0
358;4;0.787513155877461;58.0
359;4;0.8138161720984917;59.0
360;4;0.8375349374193041;60.0
361;4;0.8587564925549254;61.0
362;4;0.8776111131769512;62.0
363;4;0.8942587414290023;63.0
364;4;0.9088770389851439;64.0
365;4;0.9216514750369404;65.0
366;4;0.93276754941215;66.0
367;4;0.9424050347319578;67.0
368;4;0.9507339939159735;68.0
369;4;0.9579122720843811;69.0
370;4;0.9640841541172384;70.0
371;4;0.9693799019988838;71.0
372;4;0.973915924853617;72.0
373;4;0.977795378916464;73.0
374;4;0.9811090380629611;74.0
375;4;0.9839363143649922;75.0
376;4;0.986346340902649;76.0
377;4;0.9883990554848906;77.0
378;4;0.9901462444767687;78.0
379;4;0.9916325214005703;79.0
380;4;0.9928962262756114;80.0
381;4;0.9939702396546688;81.0
382;4;0.9948827107699584;82.0
383;4;0.995657702757653;83.0
384;4;0.9963157601005641;84.0
385;4;0.996874404613503;85.0
386;4;0.997348566798634;86.0
387;4;0.9977509594444087;87.0
388;4;0.9980924000956662;88.0
389;4;0.9983820886013329;89.0
390;4;0.998627845431592;90.0
391;4;0.9988363159040067;91.0
392;4;0.999013144904479;92.0
393;4;0.999163126157145;93.0
394;4;0.9992903296008995;94.0
395;4;0.9993982099761989;95.0
396;4;0.9994896993167265;96.0
397;4;0.9995672856761978;97.0
398;4;0.9996330800990352;98.0
399;4;0.9996888735618437;99.0
400;4;0.9997361853670718;100.0
401;5;0.0003049676007303994;1.0
402;5;0.00035965701322380995;2.0
403;5;0.00042414964036051214;3.0
404;5;0.0005002011070795643;4.0
405;5;0.0005898808121009187;5.0
406;5;0.0006956277589337166;6.0
407;5;0.0008203162241260066;7.0
408;5;0.0009673329580677733;8.0
409;5;0.0011406678908679974;9.0
410;5;0.0013450206323826594;10.0
411;5;0.0015859254144641895;11.0
412;5;0.0018698975270840506;12.0
413;5;0.002204604748642492;13.0
414;5;0.002599067762323349;14.0
415;5;0.003063894078408565;15.0
416;5;0.003611550534431551;16.0
417;5;0.004256679999216804;17.0
418;5;0.005016468428524056;18.0
419;5;0.005911068856243796;19.0
420;5;0.0069640891777620955;20.0
421;5;0.008203150578948328;21.0
422;5;0.009660523027407912;22.0
423;5;0.01137384315487187;23.0
424;5;0.013386917827664779;24.0
425;5;0.015750613338966463;25.0
426;5;0.018523824963299414;26.0
427;5;0.021774513966482223;27.0
428;5;0.025580788312007694;28.0
429;5;0.030031988389288174;29.0
430;5;0.0352297192059215;30.0
431;5;0.04128874481010515;31.0
432;5;0.04833762871990523;32.0
433;5;0.05651896597962104;33.0
434;5;0.06598900949121882;34.0
435;5;0.07691644876743618;35.0
436;5;0.08948005933356148;36.0
437;5;0.1038649155122697;37.0
438;5;0.12025686246775089;38.0
439;5;0.13883499354730722;39.0
440;5;0.15976199694366916;40.0
441;5;0.18317244051905124;41.0
442;5;0.20915936521306344;42.0
443;5;0.23775994657289096;43.0
444;5;0.26894142136999527;44.0
445;5;0.3025888856041179;45.0
446;5;0.33849684079704784;46.0
447;5;0.3763663717017742;47.0
448;5;0.4158094770645927;48.0
449;5;0.45636131276292136;49.0
450;5;0.49750002083312506;50.0
451;5;0.5386726052065083;51.0
452;5;0.5793242521487495;52.0
453;5;0.6189278548001906;53.0
454;5;0.6570104626734988;54.0
455;5;0.6931739493259504;55.0
456;5;0.7271082163411295;56.0
457;5;0.7585964618789353;57.0
458;5;0.787513155877461;58.0
459;5;0.8138161720984917;59.0
460;5;0.8375349374193041;60.0
461;5;0.8587564925549254;61.0
462;5;0.8776111131769512;62.0
463;5;0.8942587414290023;63.0
464;5;0.9088770389851439;64.0
465;5;0.9216514750369404;65.0
466;5;0.93276754941215;66.0
467;5;0.9424050347319578;67.0
468;5;0.9507339939159735;68.0
469;5;0.9579122720843811;69.0
470;5;0.9640841541172384;70.0
471;5;0.9693799019988838;71.0
472;5;0.973915924853617;72.0
473;5;0.977795378916464;73.0
474;5;0.9811090380629611;74.0
475;5;0.9839363143649922;75.0
476;5;0.986346340902649;76.0
477;5;0.9883990554848906;77.0
478;5;0.9901462444767687;78.0
479;5;0.9916325214005703;79.0
480;5;0.9928962262756114;80.0
481;5;0.9939702396546688;81.0
482;5;0.9948827107699584;82.0
483;5;0.995657702757653;83.0
484;5;0.9963157601005641;84.0
485;5;0.996874404613503;85.0
486;5;0.997348566798634;86.0
487;5;0.9977509594444087;87.0
488;5;0.9980924000956662;88.0
489;5;0.9983820886013329;89.0
490;5;0.998627845431592;90.0
491;5;0.9988363159040067;91.0
492;5;0.999013144904479;92.0
493;5;0.999163126157145;93.0
494;5;0.9992903296008995;94.0
495;5;0.9993982099761989;95.0
496;5;0.9994896993167265;96.0
497;5;0.9995672856761978;97.0
498;5;0.9996330800990352;98.0
499;5;0.9996888735618437;99.0
500;5;0.9997361853670718;100.0
501;6;0.0003049676007303994;1.0
502;6;0.00035965701322380995;2.0
503;6;0.00042414964036051214;3.0
504;6;0.0005002011070795643;4.0
505;6;0.0005898808121009187;5.0
506;6;0.0006956277589337166;6.0
507;6;0.0008203162241260066;7.0
508;6;0.0009673329580677733;8.0
509;6;0.0011406678908679974;9.0
510;6;0.0013450206323826594;10.0
511;6;0.0015859254144641895;11.0
512;6;0.0018698975270840506;12.0
513;6;0.002204604748642492;13.0
514;6;0.002599067762323349;14.0
515;6;0.003063894078408565;15.0
516;6;0.003611550534431551;16.0
517;6;0.004256679999216804;17.0
518;6;0.005016468428524056;18.0
519;6;0.005911068856243796;19.0
520;6;0.0069640891777620955;20.0
521;6;0.008203150578948328;21.0
522;6;0.009660523027407912;22.0
523;6;0.01137384315487187;23.0
524;6;0.013386917827664779;24.0
525;6;0.015750613338966463;25.0
526;6;0.018523824963299414;26.0
527;6;0.021774513966482223;27.0
528;6;0.025580788312007694;28.0
529;6;0.030031988389288174;29.0
530;6;0.0352297192059215;30.0
531;6;0.04128874481010515;31.0
532;6;0.04833762871990523;32.0
533;6;0.05651896597962104;33.0
534;6;0.06598900949121882;34.0
535;6;0.07691644876743618;35.0
536;6;0.08948005933356148;36.0
537;6;0.1038649155122697;37.0
538;6;0.12025686246775089;38.0
539;6;0.13883499354730722;39.0
540;6;0.15976199694366916;40.0
541;6;0.18317244051905124;41.0
542;6;0.20915936521306344;42.0
543;6;0.23775994657289096;43.0
544;6;0.26894142136999527;44.0
545;6;0.3025888856041179;45.0
546;6;0.33849684079704784;46.0
547;6;0.3763663717017742;47.0
548;6;0.4158094770645927;48.0
549;6;0.45636131276292136;49.0
550;6;0.49750002083312506;50.0
551;6;0.5386726052065083;51.0
552;6;0.5793242521487495;52.0
553;6;0.6189278548001906;53.0
554;6;0.6570104626734988;54.0
555;6;0.6931739493259504;55.0
556;6;0.7271082163411295;56.0
557;6;0.7585964618789353;57.0
558;6;0.787513155877461;58.0
559;6;0.8138161720984917;59.0
560;6;0.8375349374193041;60.0
561;6;0.8587564925549254;61.0
562;6;0.8776111131769512;62.0
563;6;0.8942587414290023;63.0
564;6;0.9088770389851439;64.0
565;6;0.9216514750369404;65.0
566;6;0.93276754941215;66.0
567;6;0.9424050347319578;67.0
568;6;0.9507339939159735;68.0
569;6;0.9579122720843811;69.0
570;6;0.9640841541172384;70.0
571;6;0.9693799019988838;71.0
572;6;0.973915924853617;72.0
573;6;0.977795378916464;73.0
574;6;0.9811090380629611;74.0
575;6;0.9839363143649922;75.0
576;6;0.986346340902649;76.0
577;6;0.9883990554848906;77.0
578;6;0.9901462444767687;78.0
579;6;0.9916325214005703;79.0
580;6;0.9928962262756114;80.0
581;6;0.9939702396546688;81.0
582;6;0.9948827107699584;82.0
583;6;0.995657702757653;83.0
584;6;0.9963157601005641;84.0
585;6;0.996874404613503;85.0
586;6;0.997348566798634;86.0
587;6;0.9977509594444087;87.0
588;6;0.9980924000956662;88.0
589;6;0.9983820886013329;89.0
590;6;0.998627845431592;90.0
591;6;0.9988363159040067;91.0
592;6;0.999013144904479;92.0
593;6;0.999163126157145;93.0
594;6;0.9992903296008995;94.0
595;6;0.9993982099761989;95.0
596;6;0.9994896993167265;96.0
597;6;0.9995672856761978;97.0
598;6;0.9996330800990352;98.0
599;6;0.9996888735618437;99.0
600;6;0.9997361853670718;100.0
601;7;0.0003049676007303994;1.0
602;7;0.00035965701322380995;2.0
603;7;0.00042414964036051214;3.0
604;7;0.0005002011070795643;4.0
605;7;0.0005898808121009187;5.0
606;7;0.0006956277589337166;6.0
607;7;0.0008203162241260066;7.0
608;7;0.0009673329580677733;8.0
609;7;0.0011406678908679974;9.0
610;7;0.0013450206323826594;10.0
611;7;0.0015859254144641895;11.0
612;7;0.0018698975270840506;12.0
613;7;0.002204604748642492;13.0
614;7;0.002599067762323349;14.0
615;7;0.003063894078408565;15.0
616;7;0.003611550534431551;16.0
617;7;0.004256679999216804;17.0
618;7;0.005016468428524056;18.0
619;7;0.005911068856243796;19.0
620;7;0.0069640891777620955;20.0
621;7;0.008203150578948328;21.0
622;7;0.009660523027407912;22.0
623;7;0.01137384315487187;23.0
624;7;0.013386917827664779;24.0
625;7;0.015750613338966463;25.0
626;7;0.018523824963299414;26.0
627;7;0.021774513966482223;27.0
628;7;0.025580788312007694;28.0
629;7;0.030031988389288174;29.0
630;7;0.0352297192059215;30.0
631;7;0.04128874481010515;31.0
632;7;0.04833762871990523;32.0
633;7;0.05651896597962104;33.0
634;7;0.06598900949121882;34.0
635;7;0.07691644876743618;35.0
636;7;0.08948005933356148;36.0
637;7;0.1038649155122697;37.0
638;7;0.12025686246775089;38.0
639;7;0.13883499354730722;39.0
640;7;0.15976199694366916;40.0
641;7;0.18317244051905124;41.0
642;7;0.20915936521306344;42.0
643;7;0.23775994657289096;43.0
644;7;0.26894142136999527;44.0
645;7;0.3025888856041179;45.0
646;7;0.33849684079704784;46.0
647;7;0.3763663717017742;47.0
648;7;0.4158094770645927;48.0
649;7;0.45636131276292136;49.0
650;7;0.49750002083312506;50.0
651;7;0.5386726052065083;51.0
652;7;0.5793242521487495;52.0
653;7;0.6189278548001906;53.0
654;7;0.6570104626734988;54.0
655;7;0.6931739493259504;55.0
656;7;0.7271082163411295;56.0
657;7;0.7585964618789353;57.0
658;7;0.787513155877461;58.0
659;7;0.8138161720984917;59.0
660;7;0.8375349374193041;60.0
661;7;0.8587564925549254;61.0
662;7;0.8776111131769512;62.0
663;7;0.8942587414290023;63.0
664;7;0.9088770389851439;64.0
665;7;0.9216514750369404;65.0
666;7;0.93276754941215;66.0
667;7;0.9424050347319578;67.0
668;7;0.9507339939159735;68.0
669;7;0.9579122720843811;69.0
670;7;0.9640841541172384;70.0
671;7;0.9693799019988838;71.0
672;7;0.973915924853617;72.0
673;7;0.977795378916464;73.0
674;7;0.9811090380629611;74.0
675;7;0.9839363143649922;75.0
676;7;0.986346340902649;76.0
677;7;0.9883990554848906;77.0
678;7;0.9901462444767687;78.0
679;7;0.9916325214005703;79.0
680;7;0.9928962262756114;80.0
681;7;0.9939702396546688;81.0
682;7;0.9948827107699584;82.0
683;7;0.995657702757653;83.0
684;7;0.9963157601005641;84.0
685;7;0.996874404613503;85.0
686;7;0.997348566798634;86.0
687;7;0.9977509594444087;87.0
688;7;0.9980924000956662;88.0
689;7;0.9983820886013329;89.0
690;7;0.998627845431592;90.0
691;7;0.9988363159040067;91.0
692;7;0.999013144904479;92.0
693;7;0.999163126157145;93.0
694;7;0.9992903296008995;94.0
695;7;0.9993982099761989;95.0
696;7;0.9994896993167265;96.0
697;7;0.9995672856761978;97.0
698;7;0.9996330800990352;98.0
699;7;0.9996888735618437;99.0
700;7;0.9997361853670718;100.0
701;8;0.0003049676007303994;1.0
702;8;0.00035965701322380995;2.0
703;8;0.00042414964036051214;3.0
704;8;0.0005002011070795643;4.0
705;8;0.0005898808121009187;5.0
706;8;0.0006956277589337166;6.0
707;8;0.0008203162241260066;7.0
708;8;0.0009673329580677733;8.0
709;8;0.0011406678908679974;9.0
710;8;0.0013450206323826594;10.0
711;8;0.0015859254144641895;11.0
712;8;0.0018698975270840506;12.0
713;8;0.002204604748642492;13.0
714;8;0.002599067762323349;14.0
715;8;0.003063894078408565;15.0
716;8;0.003611550534431551;16.0
717;8;0.004256679999216804;17.0
718;8;0.005016468428524056;18.0
719;8;0.005911068856243796;19.0
720;8;0.0069640891777620955;20.0
721;8;0.008203150578948328;21.0
722;8;0.009660523027407912;22.0
723;8;0.01137384315487187;23.0
724;8;0.013386917827664779;24.0
725;8;0.015750613338966463;25.0
726;8;0.018523824963299414;26.0
727;8;0.021774513966482223;27.0
728;8;0.025580788312007694;28.0
729;8;0.030031988389288174;29.0
730;8;0.0352297192059215;30.0
731;8;0.04128874481010515;31.0
732;8;0.04833762871990523;32.0
733;8;0.05651896597962104;33.0
734;8;0.06598900949121882;34.0
735;8;0.07691644876743618;35.0
736;8;0.08948005933356148;36.0
737;8;0.1038649155122697;37.0
738;8;0.12025686246775089;38.0
739;8;0.13883499354730722;39.0
740;8;0.15976199694366916;40.0
741;8;0.18317244051905124;41.0
742;8;0.20915936521306344;42.0
743;8;0.23775994657289096;43.0
744;8;0.26894142136999527;44.0
745;8;0.3025888856041179;45.0
746;8;0.33849684079704784;46.0
747;8;0.3763663717017742;47.0
748;8;0.4158094770645927;48.0
749;8;0.45636131276292136;49.0
750;8;0.49750002083312506;50.0
751;8;0.5386726052065083;51.0
752;8;0.5793242521487495;52.0
753;8;0.6189278548001906;53.0
754;8;0.6570104626734988;54.0
755;8;0.6931739493259504;55.0
756;8;0.7271082163411295;56.0
757;8;0.7585964618789353;57.0
758;8;0.787513155877461;58.0
759;8;0.8138161720984917;59.0
760;8;0.8375349374193041;60.0
761;8;0.8587564925549254;61.0
762;8;0.8776111131769512;62.0
763;8;0.8942587414290023;63.0
764;8;0.9088770389851439;64.0
765;8;0.9216514750369404;65.0
766;8;0.93276754941215;66.0
767;8;0.9424050347319578;67.0
768;8;0.9507339939159735;68.0
769;8;0.9579122720843811;69.0
770;8;0.9640841541172384;70.0
771;8;0.9693799019988838;71.0
772;8;0.973915924853617;72.0
773;8;0.977795378916464;73.0
774;8;0.9811090380629611;74.0
775;8;0.9839363143649922;75.0
776;8;0.986346340902649;76.0
777;8;0.9883990554848906;77.0
778;8;0.9901462444767687;78.0
779;8;0.9916325214005703;79.0
780;8;0.9928962262756114;80.0
781;8;0.9939702396546688;81.0
782;8;0.9948827107699584;82.0
783;8;0.995657702757653;83.0
784;8;0.9963157601005641;84.0
785;8;0.996874404613503;85.0
786;8;0.997348566798634;86.0
787;8;0.9977509594444087;87.0
788;8;0.9980924000956662;88.0
789;8;0.9983820886013329;89.0
790;8;0.998627845431592;90.0
791;8;0.9988363159040067;91.0
792;8;0.999013144904479;92.0
793;8;0.999163126157145;93.0
794;8;0.9992903296008995;94.0
795;8;0.9993982099761989;95.0
796;8;0.9994896993167265;96.0
797;8;0.9995672856761978;97.0
798;8;0.9996330800990352;98.0
799;8;0.9996888735618437;99.0
800;8;0.9997361853670718;100.0
801;9;0.0003049676007303994;1.0
802;9;0.00035965701322380995;2.0
803;9;0.00042414964036051214;3.0
804;9;0.0005002011070795643;4.0
805;9;0.0005898808121009187;5.0
806;9;0.0006956277589337166;6.0
807;9;0.0008203162241260066;7.0
808;9;0.0009673329580677733;8.0
809;9;0.0011406678908679974;9.0
810;9;0.0013450206323826594;10.0
811;9;0.0015859254144641895;11.0
812;9;0.0018698975270840506;12.0
813;9;0.002204604748642492;13.0
814;9;0.002599067762323349;14.0
815;9;0.003063894078408565;15.0
816;9;0.003611550534431551;16.0
817;9;0.004256679999216804;17.0
818;9;0.005016468428524056;18.0
819;9;0.005911068856243796;19.0
820;9;0.0069640891777620955;20.0
821;9;0.008203150578948328;21.0
822;9;0.009660523027407912;22.0
823;9;0.01137384315487187;23.0
824;9;0.013386917827664779;24.0
825;9;0.015750613338966463;25.0
826;9;0.018523824963299414;26.0
827;9;0.021774513966482223;27.0
828;9;0.025580788312007694;28.0
829;9;0.030031988389288174;29.0
830;9;0.0352297192059215;30.0
831;9;0.04128874481010515;31.0
832;9;0.04833762871990523;32.0
833;9;0.05651896597962104;33.0
834;9;0.06598900949121882;34.0
835;9;0.07691644876743618;35.0
836;9;0.08948005933356148;36.0
837;9;0.1038649155122697;37.0
838;9;0.12025686246775089;38.0
839;9;0.13883499354730722;39.0
840;9;0.15976199694366916;40.0
841;9;0.18317244051905124;41.0
842;9;0.20915936521306344;42.0
843;9;0.23775994657289096;43.0
844;9;0.26894142136999527;44.0
845;9;0.3025888856041179;45.0
846;9;0.33849684079704784;46.0
847;9;0.3763663717017742;47.0
848;9;0.4158094770645927;48.0
849;9;0.45636131276292136;49.0
850;9;0.49750002083312506;50.0
851;9;0.5386726052065083;51.0
852;9;0.5793242521487495;52.0
853;9;0.6189278548001906;53.0
854;9;0.6570104626734988;54.0
855;9;0.6931739493259504;55.0
856;9;0.7271082163411295;56.0
857;9;0.7585964618789353;57.0
858;9;0.787513155877461;58.0
859;9;0.8138161720984917;59.0
860;9;0.8375349374193041;60.0
861;9;0.8587564925549254;61.0
862;9;0.8776111131769512;62.0
863;9;0.8942587414290023;63.0
864;9;0.9088770389851439;64.0
865;9;0.9216514750369404;65.0
866;9;0.93276754941215;66.0
867;9;0.9424050347319578;67.0
868;9;0.9507339939159735;68.0
869;9;0.9579122720843811;69.0
870;9;0.9640841541172384;70.0
871;9;0.9693799019988838;71.0
872;9;0.973915924853617;72.0
873;9;0.977795378916464;73.0
874;9;0.9811090380629611;74.0
875;9;0.9839363143649922;75.0
876;9;0.986346340902649;76.0
877;9;0.9883990554848906;77.0
878;9;0.9901462444767687;78.0
879;9;0.9916325214005703;79.0
880;9;0.9928962262756114;80.0
881;9;0.9939702396546688;81.0
882;9;0.9948827107699584;82.0
883;9;0.995657702757653;83.0
884;9;0.9963157601005641;84.0
885;9;0.996874404613503;85.0
886;9;0.997348566798634;86.0
887;9;0.9977509594444087;87.0
888;9;0.9980924000956662;88.0
889;9;0.9983820886013329;89.0
890;9;0.998627845431592;90.0
891;9;0.9988363159040067;91.0
892;9;0.999013144904479;92.0
893;9;0.999163126157145;93.0
894;9;0.9992903296008995;94.0
895;9;0.9993982099761989;95.0
896;9;0.9994896993167265;96.0
897;9;0.9995672856761978;97.0
898;9;0.9996330800990352;98.0
899;9;0.9996888735618437;99.0
900;9;0.9997361853670718;100.0
901;10;0.0003049676007303994;1.0
902;10;0.00035965701322380995;2.0
903;10;0.00042414964036051214;3.0
904;10;0.0005002011070795643;4.0
905;10;0.0005898808121009187;5.0
906;10;0.0006956277589337166;6.0
907;10;0.0008203162241260066;7.0
908;10;0.0009673329580677733;8.0
909;10;0.0011406678908679974;9.0
910;10;0.0013450206323826594;10.0
911;10;0.0015859254144641895;11.0
912;10;0.0018698975270840506;12.0
913;10;0.002204604748642492;13.0
914;10;0.002599067762323349;14.0
915;10;0.003063894078408565;15.0
916;10;0.003611550534431551;16.0
917;10;0.004256679999216804;17.0
918;10;0.005016468428524056;18.0
919;10;0.005911068856243796;19.0
920;10;0.0069640891777620955;20.0
921;10;0.008203150578948328;21.0
922;10;0.009660523027407912;22.0
923;10;0.01137384315487187;23.0
924;10;0.013386917827664779;24.0
925;10;0.015750613338966463;25.0
926;10;0.018523824963299414;26.0
927;10;0.021774513966482223;27.0
928;10;0.025580788312007694;28.0
929;10;0.030031988389288174;29.0
930;10;0.0352297192059215;30.0
931;10;0.04128874481010515;31.0
932;10;0.04833762871990523;32.0
933;10;0.05651896597962104;33.0
934;10;0.06598900949121882;34.0
935;10;0.07691644876743618;35.0
936;10;0.08948005933356148;36.0
937;10;0.1038649155122697;37.0
938;10;0.12025686246775089;38.0
939;10;0.13883499354730722;39.0
940;10;0.15976199694366916;40.0
941;10;0.18317244051905124;41.0
942;10;0.20915936521306344;42.0
943;10;0.23775994657289096;43.0
944;10;0.26894142136999527;44.0
945;10;0.3025888856041179;45.0
946;10;0.33849684079704784;46.0
947;10;0.3763663717017742;47.0
948;10;0.4158094770645927;48.0
949;10;0.45636131276292136;49.0
950;10;0.49750002083312506;50.0
951;10;0.5386726052065083;51.0
952;10;0.5793242521487495;52.0
953;10;0.6189278548001906;53.0
954;10;0.6570104626734988;54.0
955;10;0.6931739493259504;55.0
956;10;0.7271082163411295;56.0
957;10;0.7585964618789353;57.0
958;10;0.787513155877461;58.0
959;10;0.8138161720984917;59.0
960;10;0.8375349374193041;60.0
961;10;0.8587564925549254;61.0
962;10;0.8776111131769512;62.0
963;10;0.8942587414290023;63.0
964;10;0.9088770389851439;64.0
965;10;0.9216514750369404;65.0
966;10;0.93276754941215;66.0
967;10;0.9424050347319578;67.0
968;10;0.9507339939159735;68.0
969;10;0.9579122720843811;69.0
970;10;0.9640841541172384;70.0
971;10;0.9693799019988838;71.0
972;10;0.973915924853617;72.0
973;10;0.977795378916464;73.0
974;10;0.9811090380629611;74.0
975;10;0.9839363143649922;75.0
976;10;0.986346340902649;76.0
977;10;0.9883990554848906;77.0
978;10;0.9901462444767687;78.0
979;10;0.9916325214005703;79.0
980;10;0.9928962262756114;80.0
981;10;0.9939702396546688;81.0
982;10;0.9948827107699584;82.0
983;10;0.995657702757653;83.0
984;10;0.9963157601005641;84.0
985;10;0.996874404613503;85.0
986;10;0.997348566798634;86.0
987;10;0.9977509594444087;87.0
988;10;0.9980924000956662;88.0
989;10;0.9983820886013329;89.0
990;10;0.998627845431592;90.0
991;10;0.9988363159040067;91.0
992;10;0.999013144904479;92.0
993;10;0.999163126157145;93.0
994;10;0.9992903296008995;94.0
995;10;0.9993982099761989;95.0
996;10;0.9994896993167265;96.0
997;10;0.9995672856761978;97.0
998;10;0.9996330800990352;98.0
999;10;0.9996888735618437;99.0
1000;10;0.9997361853670718;100.0
