id;system_id;dependent_variable;independent_variable_1;independent_variable_2
1;1;0.04945360055778424;10.0;10.0
2;1;0.410654840493499;10.0;20.0
3;1;0.43388915641864817;10.0;30.0
4;1;0.19008170647427708;10.0;40.0
5;1;0.13403125328590515;10.0;50.0
6;1;-0.028397231449322817;10.0;60.0
7;1;-0.001856687856635928;10.0;70.0
8;1;0.07280244888279103;10.0;80.0
9;1;-0.05956263946954288;10.0;90.0
10;1;-0.03235861424602454;10.0;100.0
11;1;0.5795835299356878;20.0;10.0
12;1;0.22443223506762922;20.0;20.0
13;1;0.4489701904414946;20.0;30.0
14;1;0.2262868534404079;20.0;40.0
15;1;0.0013697222774612938;20.0;50.0
16;1;0.1164910690978658;20.0;60.0
17;1;-0.033496839829482476;20.0;70.0
18;1;-0.011870703872066023;20.0;80.0
19;1;-0.05088212536086008;20.0;90.0
20;1;0.0861438991331003;20.0;100.0
21;1;0.5789927083856217;30.0;10.0
22;1;0.5914059849736429;30.0;20.0
23;1;0.04922880916267584;30.0;30.0
24;1;0.2253115756159264;30.0;40.0
25;1;0.11978975386259319;30.0;50.0
26;1;0.10673171209638971;30.0;60.0
27;1;-0.014993310147888461;30.0;70.0
28;1;0.11682067503600523;30.0;80.0
29;1;-0.02843362481934825;30.0;90.0
30;1;-0.024959210087549154;30.0;100.0
31;1;0.7407692407849085;40.0;10.0
32;1;0.536363262255866;40.0;20.0
33;1;0.5852531170654187;40.0;30.0
34;1;0.015475613764447699;40.0;40.0
35;1;0.035419690001647706;40.0;50.0
36;1;0.022467926381380864;40.0;60.0
37;1;0.06994351202177732;40.0;70.0
38;1;-0.015988508646133538;40.0;80.0
39;1;0.04155066347564073;40.0;90.0
40;1;0.10675298203030609;40.0;100.0
41;1;0.6708231204659224;50.0;10.0
42;1;0.4845940411830311;50.0;20.0
43;1;0.45104047788423623;50.0;30.0
44;1;0.6696146764945352;50.0;40.0
45;1;-0.054628022961844006;50.0;50.0
46;1;0.11886014672823286;50.0;60.0
47;1;-0.061910332308018345;50.0;70.0
48;1;0.09669797296761086;50.0;80.0
49;1;0.06241791433751383;50.0;90.0
50;1;0.020770721997371587;50.0;100.0
51;1;0.451473804880948;60.0;10.0
52;1;0.4127677798332624;60.0;20.0
53;1;0.5566524004004628;60.0;30.0
54;1;0.512237846173608;60.0;40.0
55;1;0.7138916055579744;60.0;50.0
56;1;0.0035013205734785134;60.0;60.0
57;1;0.028272772100561852;60.0;70.0
58;1;0.050010314243933034;60.0;80.0
59;1;-0.08889104562019584;60.0;90.0
60;1;0.06419894392523309;60.0;100.0
61;1;0.09800292193006452;70.0;10.0
62;1;0.17482345567492608;70.0;20.0
63;1;0.2076473727438723;70.0;30.0
64;1;0.4754855041618054;70.0;40.0
65;1;0.5660481135438186;70.0;50.0
66;1;0.7742034311856111;70.0;60.0
67;1;-0.07826453856408827;70.0;70.0
68;1;-0.09696092344907885;70.0;80.0
69;1;-0.006343198055289744;70.0;90.0
70;1;-0.04302503577723863;70.0;100.0
71;1;-0.0016489089365435755;80.0;10.0
72;1;-0.024904266748416757;80.0;20.0
73;1;-0.06227285083277023;80.0;30.0
74;1;0.08699306370553546;80.0;40.0
75;1;0.21090633331092926;80.0;50.0
76;1;0.9407169760274111;80.0;60.0
77;1;1.021103235880072;80.0;70.0
78;1;-0.032400323344917985;80.0;80.0
79;1;-0.08120572322368268;80.0;90.0
80;1;0.007760878903699499;80.0;100.0
81;1;0.01744254971555814;90.0;10.0
82;1;0.08813707683661276;90.0;20.0
83;1;0.0052529636357665;90.0;30.0
84;1;0.0037597572343879594;90.0;40.0
85;1;0.1938798065409179;90.0;50.0
86;1;0.7648318799544112;90.0;60.0
87;1;1.0129750011266991;90.0;70.0
88;1;0.9058935414622798;90.0;80.0
89;1;-0.07172373800689488;90.0;90.0
90;1;-0.0655814187015628;90.0;100.0
91;1;1.0452607763929689;100.0;10.0
92;1;0.9913112442735789;100.0;20.0
93;1;1.0169805931588625;100.0;30.0
94;1;0.9180093700920561;100.0;40.0
95;1;0.9348360852528604;100.0;50.0
96;1;0.9993125006889467;100.0;60.0
97;1;1.0687472010706853;100.0;70.0
98;1;0.9568812236124421;100.0;80.0
99;1;1.0680914557732533;100.0;90.0
100;1;-0.08440008568330586;100.0;100.0
101;2;-0.004673246152432184;10.0;10.0
102;2;0.44894497934371214;10.0;20.0
103;2;0.3727141675051144;10.0;30.0
104;2;0.21671793114006782;10.0;40.0
105;2;0.04357851294436756;10.0;50.0
106;2;0.014939369557366015;10.0;60.0
107;2;0.06797209474874638;10.0;70.0
108;2;-0.07913819514138218;10.0;80.0
109;2;0.09475385264360064;10.0;90.0
110;2;0.09053700243820509;10.0;100.0
111;2;0.5455329005568035;20.0;10.0
112;2;0.2450773389490723;20.0;20.0
113;2;0.44857569324669594;20.0;30.0
114;2;0.2551785068653798;20.0;40.0
115;2;0.12557369528788734;20.0;50.0
116;2;0.14751648654435945;20.0;60.0
117;2;-0.0024579056908844293;20.0;70.0
118;2;-0.04554916384314299;20.0;80.0
119;2;-0.08166750013076068;20.0;90.0
120;2;0.08570152706879876;20.0;100.0
121;2;0.6027032880285128;30.0;10.0
122;2;0.5915125895180701;30.0;20.0
123;2;0.1550236948498015;30.0;30.0
124;2;0.19061203556829298;30.0;40.0
125;2;0.10036451476908566;30.0;50.0
126;2;0.14338005676465668;30.0;60.0
127;2;0.08727852372599934;30.0;70.0
128;2;0.05186327149488337;30.0;80.0
129;2;0.04574339486644571;30.0;90.0
130;2;0.0595110227202377;30.0;100.0
131;2;0.5835296139643132;40.0;10.0
132;2;0.6795652508995833;40.0;20.0
133;2;0.5765156367324351;40.0;30.0
134;2;0.03352907670517251;40.0;40.0
135;2;0.062403714493024266;40.0;50.0
136;2;0.06762211695843667;40.0;60.0
137;2;0.03542658020868446;40.0;70.0
138;2;-0.051134351178565685;40.0;80.0
139;2;0.06498969490127768;40.0;90.0
140;2;-0.06689933698666954;40.0;100.0
141;2;0.6082463911266504;50.0;10.0
142;2;0.6693209236893806;50.0;20.0
143;2;0.4098260358801466;50.0;30.0
144;2;0.7133421358577868;50.0;40.0
145;2;-0.007050150431500805;50.0;50.0
146;2;-0.015318833565725283;50.0;60.0
147;2;0.051779622344511264;50.0;70.0
148;2;0.026464771644752413;50.0;80.0
149;2;0.035661890398528004;50.0;90.0
150;2;0.004657086199607083;50.0;100.0
151;2;0.34472010642982037;60.0;10.0
152;2;0.44168520929311594;60.0;20.0
153;2;0.5116431518545069;60.0;30.0
154;2;0.498463665953745;60.0;40.0
155;2;0.7522191471797225;60.0;50.0
156;2;-0.04871796644465032;60.0;60.0
157;2;0.0666658480543103;60.0;70.0
158;2;0.00414855701960142;60.0;80.0
159;2;0.029838497858858677;60.0;90.0
160;2;0.03770100307817918;60.0;100.0
161;2;0.011296781148539367;70.0;10.0
162;2;0.12464485467354573;70.0;20.0
163;2;0.21618995232599103;70.0;30.0
164;2;0.416027707935975;70.0;40.0
165;2;0.5033102053107643;70.0;50.0
166;2;0.8861113991776394;70.0;60.0
167;2;-0.011274029582642816;70.0;70.0
168;2;-0.01330692482073532;70.0;80.0
169;2;-0.03509342509617032;70.0;90.0
170;2;-0.022077341455429108;70.0;100.0
171;2;-0.08094143186612733;80.0;10.0
172;2;0.038285580750789375;80.0;20.0
173;2;-0.0018637799852668085;80.0;30.0
174;2;-0.046092341449694194;80.0;40.0
175;2;0.3040147426439452;80.0;50.0
176;2;0.7885647570463291;80.0;60.0
177;2;0.9943813842492699;80.0;70.0
178;2;-0.08490214042138872;80.0;80.0
179;2;0.010678675270049433;80.0;90.0
180;2;0.09633079798542857;80.0;100.0
181;2;0.04193618344223164;90.0;10.0
182;2;-0.07172563892850913;90.0;20.0
183;2;0.08389422320290443;90.0;30.0
184;2;0.06521123010371441;90.0;40.0
185;2;0.2806557755538829;90.0;50.0
186;2;0.8230248017782869;90.0;60.0
187;2;0.9533302244830537;90.0;70.0
188;2;1.0667612715635215;90.0;80.0
189;2;-0.06706759897351888;90.0;90.0
190;2;-0.009660362226541467;90.0;100.0
191;2;1.0391094772537466;100.0;10.0
192;2;0.9596731665468897;100.0;20.0
193;2;1.0878390315734283;100.0;30.0
194;2;1.0098660359371607;100.0;40.0
195;2;0.9606853542179257;100.0;50.0
196;2;0.9998627749723271;100.0;60.0
197;2;0.9278485841324885;100.0;70.0
198;2;0.9530484992870216;100.0;80.0
199;2;1.0616248447783625;100.0;90.0
200;2;0.011733757035520546;100.0;100.0
201;3;-0.011976853654963246;10.0;10.0
202;3;0.601551933841484;10.0;20.0
203;3;0.37974856833894366;10.0;30.0
204;3;0.21747085630493598;10.0;40.0
205;3;0.0092660646226502;10.0;50.0
206;3;-0.05232499097784853;10.0;60.0
207;3;0.011963251389513378;10.0;70.0
208;3;0.10419210563029202;10.0;80.0
209;3;0.11010379712845793;10.0;90.0
210;3;0.09753626178410069;10.0;100.0
211;3;0.5126237146028068;20.0;10.0
212;3;0.1077059880965757;20.0;20.0
213;3;0.3886073056648065;20.0;30.0
214;3;0.2354905130542322;20.0;40.0
215;3;0.1373183399124199;20.0;50.0
216;3;0.01997522722654358;20.0;60.0
217;3;-0.05250240254664385;20.0;70.0
218;3;0.03132760793344943;20.0;80.0
219;3;-0.019171109577410445;20.0;90.0
220;3;0.10991118933871522;20.0;100.0
221;3;0.557433371788899;30.0;10.0
222;3;0.5398860924268919;30.0;20.0
223;3;-0.015415537296033677;30.0;30.0
224;3;0.11608597588901266;30.0;40.0
225;3;0.16851476246960798;30.0;50.0
226;3;0.06282772274066002;30.0;60.0
227;3;0.07989458449197832;30.0;70.0
228;3;-0.03061066762914342;30.0;80.0
229;3;0.016519864662070834;30.0;90.0
230;3;0.044629656695461206;30.0;100.0
231;3;0.5747127735847835;40.0;10.0
232;3;0.6302183933694241;40.0;20.0
233;3;0.5913193825306727;40.0;30.0
234;3;-0.02088464787674773;40.0;40.0
235;3;0.16442866723394972;40.0;50.0
236;3;-0.003994894851271524;40.0;60.0
237;3;0.12490609961632425;40.0;70.0
238;3;-0.007646865679401125;40.0;80.0
239;3;0.05724550506547149;40.0;90.0
240;3;0.01512671557930181;40.0;100.0
241;3;0.6890304305806959;50.0;10.0
242;3;0.6035813468603092;50.0;20.0
243;3;0.46138809972962647;50.0;30.0
244;3;0.6291056278888292;50.0;40.0
245;3;0.10375762260285663;50.0;50.0
246;3;-0.015452425006906252;50.0;60.0
247;3;0.06282757186075293;50.0;70.0
248;3;-0.0470766241215045;50.0;80.0
249;3;0.04212212236010285;50.0;90.0
250;3;0.03840409686886827;50.0;100.0
251;3;0.42918885404624196;60.0;10.0
252;3;0.41450527388775704;60.0;20.0
253;3;0.4362953190276122;60.0;30.0
254;3;0.5684476494944017;60.0;40.0
255;3;0.720262724000404;60.0;50.0
256;3;0.07441489101837087;60.0;60.0
257;3;0.09938153583524212;60.0;70.0
258;3;-0.04802292921870172;60.0;80.0
259;3;-0.007350132146738549;60.0;90.0
260;3;0.05218756626750107;60.0;100.0
261;3;0.05937417320624235;70.0;10.0
262;3;0.04811604317215912;70.0;20.0
263;3;0.302609808865602;70.0;30.0
264;3;0.5222453654115677;70.0;40.0
265;3;0.5038059102040963;70.0;50.0
266;3;0.8900350643254489;70.0;60.0
267;3;0.0741599595247163;70.0;70.0
268;3;0.026519363180519152;70.0;80.0
269;3;0.08583305061281665;70.0;90.0
270;3;0.09543780918445004;70.0;100.0
271;3;-0.001957816131020779;80.0;10.0
272;3;0.013942664018222922;80.0;20.0
273;3;0.05019130117293369;80.0;30.0
274;3;0.09804913490520697;80.0;40.0
275;3;0.24772191475586558;80.0;50.0
276;3;0.9083890726724819;80.0;60.0
277;3;0.9663180310725867;80.0;70.0
278;3;-0.06692759931956163;80.0;80.0
279;3;0.017957018328577778;80.0;90.0
280;3;-0.04710023920108173;80.0;100.0
281;3;0.09934888854285562;90.0;10.0
282;3;0.0801330441455379;90.0;20.0
283;3;-0.035268174025759734;90.0;30.0
284;3;-0.033665003519146;90.0;40.0
285;3;0.13753036524237444;90.0;50.0
286;3;0.8572138897472991;90.0;60.0
287;3;0.9046426068621976;90.0;70.0
288;3;0.9137843783029507;90.0;80.0
289;3;0.09834903700178324;90.0;90.0
290;3;-0.0756976580883853;90.0;100.0
291;3;0.9758201568025962;100.0;10.0
292;3;1.0808446458992678;100.0;20.0
293;3;1.0289073551716672;100.0;30.0
294;3;1.0162796704464208;100.0;40.0
295;3;1.0561142153299607;100.0;50.0
296;3;0.9121829538170434;100.0;60.0
297;3;1.0598276425786397;100.0;70.0
298;3;0.9638047490441403;100.0;80.0
299;3;0.9271406370952465;100.0;90.0
300;3;-0.08095931183007385;100.0;100.0
301;4;0.08051772342392713;10.0;10.0
302;4;0.43789024300570956;10.0;20.0
303;4;0.415931037291427;10.0;30.0
304;4;0.3290642413730243;10.0;40.0
305;4;-0.019598615913704973;10.0;50.0
306;4;0.13519730542547478;10.0;60.0
307;4;0.04693758691209614;10.0;70.0
308;4;0.05801535774059442;10.0;80.0
309;4;-0.07425217405492762;10.0;90.0
310;4;-0.02162717080833188;10.0;100.0
311;4;0.4772711637206015;20.0;10.0
312;4;0.1347993237624603;20.0;20.0
313;4;0.5271132364997761;20.0;30.0
314;4;0.29610419549156497;20.0;40.0
315;4;0.04986755312127255;20.0;50.0
316;4;0.10223862788282809;20.0;60.0
317;4;0.09199681372695356;20.0;70.0
318;4;0.026979651813770832;20.0;80.0
319;4;0.0471268494830414;20.0;90.0
320;4;0.07681213787029847;20.0;100.0
321;4;0.6893709036425972;30.0;10.0
322;4;0.6777892982921978;30.0;20.0
323;4;0.013021704940690236;30.0;30.0
324;4;0.19638774483997964;30.0;40.0
325;4;0.00906701406305152;30.0;50.0
326;4;-0.010487900613016639;30.0;60.0
327;4;-0.005275321515409312;30.0;70.0
328;4;-0.0004962065106265817;30.0;80.0
329;4;0.009677979931404143;30.0;90.0
330;4;-0.06764626962080844;30.0;100.0
331;4;0.6389266492614266;40.0;10.0
332;4;0.6562414179426873;40.0;20.0
333;4;0.49687055453937523;40.0;30.0
334;4;0.10118927174629208;40.0;40.0
335;4;0.1204704782273606;40.0;50.0
336;4;0.12029454083433208;40.0;60.0
337;4;0.12035135438012715;40.0;70.0
338;4;-0.017880393901213352;40.0;80.0
339;4;0.08188536972748177;40.0;90.0
340;4;0.011072901829060268;40.0;100.0
341;4;0.5418276170687472;50.0;10.0
342;4;0.5179319691536027;50.0;20.0
343;4;0.6038579897870954;50.0;30.0
344;4;0.7714589934658442;50.0;40.0
345;4;0.10126082548190671;50.0;50.0
346;4;0.10987706435877032;50.0;60.0
347;4;-0.031325548033821454;50.0;70.0
348;4;0.07051852356837623;50.0;80.0
349;4;0.07943627187291877;50.0;90.0
350;4;0.04145551160027069;50.0;100.0
351;4;0.37572957659352796;60.0;10.0
352;4;0.48702543844766527;60.0;20.0
353;4;0.39439234712391297;60.0;30.0
354;4;0.551823566674814;60.0;40.0
355;4;0.81833943897466;60.0;50.0
356;4;-0.04158212001176616;60.0;60.0
357;4;-0.08073660677984193;60.0;70.0
358;4;-0.004991165090467818;60.0;80.0
359;4;-0.0755738338661855;60.0;90.0
360;4;0.09861354963675567;60.0;100.0
361;4;0.1392270413398928;70.0;10.0
362;4;0.05725676427499711;70.0;20.0
363;4;0.3523398354607779;70.0;30.0
364;4;0.41562510800348995;70.0;40.0
365;4;0.5246574806914098;70.0;50.0
366;4;0.9217843795847807;70.0;60.0
367;4;0.10141106167737197;70.0;70.0
368;4;0.08736311121255944;70.0;80.0
369;4;-0.09411270371866573;70.0;90.0
370;4;0.08217701034940249;70.0;100.0
371;4;-0.0941106966964724;80.0;10.0
372;4;0.09805425358558964;80.0;20.0
373;4;-0.07717795301708746;80.0;30.0
374;4;0.005547900537901947;80.0;40.0
375;4;0.36209021308155837;80.0;50.0
376;4;0.8733610959369726;80.0;60.0
377;4;1.0045668706892896;80.0;70.0
378;4;-0.049214038327335445;80.0;80.0
379;4;0.027717851297038642;80.0;90.0
380;4;-0.030337578469834914;80.0;100.0
381;4;-0.07952331703419527;90.0;10.0
382;4;0.08533188746692989;90.0;20.0
383;4;-0.005257197667469511;90.0;30.0
384;4;-0.0033747261543320417;90.0;40.0
385;4;0.23984569992064222;90.0;50.0
386;4;0.8767382268385175;90.0;60.0
387;4;1.0336045226367905;90.0;70.0
388;4;0.9117781969471218;90.0;80.0
389;4;0.03044765667387515;90.0;90.0
390;4;-0.09957194313804757;90.0;100.0
391;4;0.964606355839939;100.0;10.0
392;4;0.9801269855122426;100.0;20.0
393;4;0.9640437711597554;100.0;30.0
394;4;0.9255425497758643;100.0;40.0
395;4;0.9018980142852028;100.0;50.0
396;4;1.0800594816960203;100.0;60.0
397;4;0.9169148017130392;100.0;70.0
398;4;0.9356682064903157;100.0;80.0
399;4;0.9778152519237706;100.0;90.0
400;4;0.038197163487342964;100.0;100.0
401;5;-0.000716614266056681;10.0;10.0
402;5;0.5613061116626461;10.0;20.0
403;5;0.34604760027716613;10.0;30.0
404;5;0.19843868519758878;10.0;40.0
405;5;-0.01729598236692874;10.0;50.0
406;5;0.12390242439390842;10.0;60.0
407;5;-0.009361245962203887;10.0;70.0
408;5;0.06178443722392234;10.0;80.0
409;5;0.0690722462096676;10.0;90.0
410;5;0.03226277898564815;10.0;100.0
411;5;0.4907454354690514;20.0;10.0
412;5;0.08195048709670358;20.0;20.0
413;5;0.40686485808620165;20.0;30.0
414;5;0.15837824869838496;20.0;40.0
415;5;0.00023126221551970916;20.0;50.0
416;5;0.1360377862186332;20.0;60.0
417;5;0.13095713442142;20.0;70.0
418;5;0.09244781746319565;20.0;80.0
419;5;0.08670300828327789;20.0;90.0
420;5;0.0603997700195537;20.0;100.0
421;5;0.5811399468983612;30.0;10.0
422;5;0.5849319993984343;30.0;20.0
423;5;0.047538586197504354;30.0;30.0
424;5;0.16532213540004018;30.0;40.0
425;5;0.04375074048919154;30.0;50.0
426;5;-0.0013883050339253133;30.0;60.0
427;5;-0.005643299639549848;30.0;70.0
428;5;0.002326495805536989;30.0;80.0
429;5;0.037099148806929896;30.0;90.0
430;5;0.11121441537632631;30.0;100.0
431;5;0.6629460362143202;40.0;10.0
432;5;0.5817885928535628;40.0;20.0
433;5;0.6204565774140041;40.0;30.0
434;5;0.026045617066101465;40.0;40.0
435;5;0.1379012584744977;40.0;50.0
436;5;0.010165270878014505;40.0;60.0
437;5;0.13356586657634176;40.0;70.0
438;5;-0.07211549647167481;40.0;80.0
439;5;-0.02626237964412036;40.0;90.0
440;5;0.02041610975112498;40.0;100.0
441;5;0.6530249344209461;50.0;10.0
442;5;0.5314404644063152;50.0;20.0
443;5;0.5835302202518431;50.0;30.0
444;5;0.7037571576285501;50.0;40.0
445;5;0.026436228759766957;50.0;50.0
446;5;0.10271342448844459;50.0;60.0
447;5;0.06698223066589937;50.0;70.0
448;5;-0.01743322066329262;50.0;80.0
449;5;0.04496705080707726;50.0;90.0
450;5;-0.06076134100417467;50.0;100.0
451;5;0.47692648545601646;60.0;10.0
452;5;0.5221491732190082;60.0;20.0
453;5;0.5008095476238051;60.0;30.0
454;5;0.46817092361873164;60.0;40.0
455;5;0.8174336949066574;60.0;50.0
456;5;-0.0698443085154149;60.0;60.0
457;5;0.07413574123053508;60.0;70.0
458;5;-0.08150752968127202;60.0;80.0
459;5;0.061571624485680626;60.0;90.0
460;5;-0.0194372489201244;60.0;100.0
461;5;0.029641209869571312;70.0;10.0
462;5;0.08303867749315474;70.0;20.0
463;5;0.21102284445274772;70.0;30.0
464;5;0.5193652883428251;70.0;40.0
465;5;0.4798376753868561;70.0;50.0
466;5;0.8821758531372925;70.0;60.0
467;5;0.009941200992438531;70.0;70.0
468;5;-0.09607300914806056;70.0;80.0
469;5;0.03135197212292081;70.0;90.0
470;5;0.04533068885170898;70.0;100.0
471;5;0.018116238380091815;80.0;10.0
472;5;-0.0881391110719957;80.0;20.0
473;5;0.05601458591988816;80.0;30.0
474;5;0.13264955361997738;80.0;40.0
475;5;0.3809636675622243;80.0;50.0
476;5;0.8648758827747541;80.0;60.0
477;5;1.0670270833456996;80.0;70.0
478;5;0.0743035840829952;80.0;80.0
479;5;0.08509328853169873;80.0;90.0
480;5;0.003236195410015121;80.0;100.0
481;5;-0.0320613313575334;90.0;10.0
482;5;-0.07350133627867515;90.0;20.0
483;5;-0.007490748568650336;90.0;30.0
484;5;0.08169150626111918;90.0;40.0
485;5;0.29193685814367654;90.0;50.0
486;5;0.8320887961453766;90.0;60.0
487;5;0.9847637735933129;90.0;70.0
488;5;0.9630970771261524;90.0;80.0
489;5;-0.05025220712019007;90.0;90.0
490;5;-0.09941563793589867;90.0;100.0
491;5;0.9110246937282177;100.0;10.0
492;5;1.0295376160480734;100.0;20.0
493;5;1.0951385856361133;100.0;30.0
494;5;0.9212174112432396;100.0;40.0
495;5;1.0316920032865773;100.0;50.0
496;5;1.0517425643289615;100.0;60.0
497;5;0.9628539814412791;100.0;70.0
498;5;0.9329548207157023;100.0;80.0
499;5;1.0136306163425763;100.0;90.0
500;5;0.054349909477064126;100.0;100.0
501;6;0.019860424703377136;10.0;10.0
502;6;0.4292947119010493;10.0;20.0
503;6;0.4026280657026825;10.0;30.0
504;6;0.3129904802910933;10.0;40.0
505;6;0.17536506829863677;10.0;50.0
506;6;-0.027518112281286373;10.0;60.0
507;6;0.08166879547572765;10.0;70.0
508;6;-0.03399982543218287;10.0;80.0
509;6;0.04344329348551727;10.0;90.0
510;6;-0.009426979312917614;10.0;100.0
511;6;0.5382614921487748;20.0;10.0
512;6;0.17098710971243455;20.0;20.0
513;6;0.45992907291975893;20.0;30.0
514;6;0.12092222048781179;20.0;40.0
515;6;0.0550123545067988;20.0;50.0
516;6;-0.0432888930845207;20.0;60.0
517;6;0.10520532661131127;20.0;70.0
518;6;0.08550028197692629;20.0;80.0
519;6;-0.02506793119707669;20.0;90.0
520;6;-0.04140425940030895;20.0;100.0
521;6;0.5325444486193002;30.0;10.0
522;6;0.6242088691423632;30.0;20.0
523;6;0.0034700627906217446;30.0;30.0
524;6;0.1810886838993236;30.0;40.0
525;6;0.14632155475032135;30.0;50.0
526;6;0.12489350279653585;30.0;60.0
527;6;-0.02409633207896232;30.0;70.0
528;6;0.020586218717562034;30.0;80.0
529;6;-0.06151250528206906;30.0;90.0
530;6;0.08837455719151005;30.0;100.0
531;6;0.7339621945008631;40.0;10.0
532;6;0.6765607573117498;40.0;20.0
533;6;0.5976223291827584;40.0;30.0
534;6;-0.03725490253509437;40.0;40.0
535;6;0.06524029516144558;40.0;50.0
536;6;0.017633761533204236;40.0;60.0
537;6;-0.045928516671596364;40.0;70.0
538;6;-0.06453653428254288;40.0;80.0
539;6;0.03223485597207011;40.0;90.0
540;6;-0.002114767703764951;40.0;100.0
541;6;0.5469157973013777;50.0;10.0
542;6;0.5013490639219187;50.0;20.0
543;6;0.4863379286857636;50.0;30.0
544;6;0.7820846898535001;50.0;40.0
545;6;0.019271092991691264;50.0;50.0
546;6;-0.040467638995427414;50.0;60.0
547;6;-0.003929786818569279;50.0;70.0
548;6;0.08903659693697821;50.0;80.0
549;6;-0.07099469985488585;50.0;90.0
550;6;-0.034588552553113674;50.0;100.0
551;6;0.49521929008938337;60.0;10.0
552;6;0.4629276224192153;60.0;20.0
553;6;0.4218025828971605;60.0;30.0
554;6;0.5862580365989104;60.0;40.0
555;6;0.8392689170416601;60.0;50.0
556;6;-0.017390285907091758;60.0;60.0
557;6;-0.05321276019126187;60.0;70.0
558;6;0.022643184633225323;60.0;80.0
559;6;0.05840753730599204;60.0;90.0
560;6;-0.021915115715674022;60.0;100.0
561;6;0.08526021524804585;70.0;10.0
562;6;0.13690028967718842;70.0;20.0
563;6;0.15795799076814654;70.0;30.0
564;6;0.5059668772218877;70.0;40.0
565;6;0.573377122278194;70.0;50.0
566;6;0.7419635048285604;70.0;60.0
567;6;0.019571090155381603;70.0;70.0
568;6;-0.0974155559182226;70.0;80.0
569;6;-0.07609538079088694;70.0;90.0
570;6;-0.06404273367201287;70.0;100.0
571;6;-0.030421275413581937;80.0;10.0
572;6;-0.06777393638615624;80.0;20.0
573;6;-0.02048982034621691;80.0;30.0
574;6;0.13276750752502314;80.0;40.0
575;6;0.26253789137756556;80.0;50.0
576;6;0.8559436167053818;80.0;60.0
577;6;1.0754331588093136;80.0;70.0
578;6;-0.09287596698215438;80.0;80.0
579;6;-0.029447117108729375;80.0;90.0
580;6;0.0304585097141241;80.0;100.0
581;6;-0.04392588911931573;90.0;10.0
582;6;0.032950863062607375;90.0;20.0
583;6;-0.09158043697721557;90.0;30.0
584;6;-0.05472046327740436;90.0;40.0
585;6;0.14130991405075793;90.0;50.0
586;6;0.8868527258285887;90.0;60.0
587;6;1.0587956385056843;90.0;70.0
588;6;0.9448547839771413;90.0;80.0
589;6;0.023393488462292413;90.0;90.0
590;6;0.040857561947714185;90.0;100.0
591;6;0.9897710606081287;100.0;10.0
592;6;1.0104336929291255;100.0;20.0
593;6;1.0860705319714143;100.0;30.0
594;6;1.0394030817749274;100.0;40.0
595;6;1.0298236104421126;100.0;50.0
596;6;0.9637582640901556;100.0;60.0
597;6;0.953014520148883;100.0;70.0
598;6;0.9044472396132254;100.0;80.0
599;6;1.004131423469832;100.0;90.0
600;6;-0.019557121283934574;100.0;100.0
601;7;-0.008645070720088702;10.0;10.0
602;7;0.5958391640617972;10.0;20.0
603;7;0.4197838657356314;10.0;30.0
604;7;0.2361770070257452;10.0;40.0
605;7;0.14354646430399925;10.0;50.0
606;7;0.030079356106631375;10.0;60.0
607;7;0.11203019078780664;10.0;70.0
608;7;0.039248707339388865;10.0;80.0
609;7;-0.0825936715038123;10.0;90.0
610;7;-0.0799326427174195;10.0;100.0
611;7;0.5840832847839229;20.0;10.0
612;7;0.1678713023306572;20.0;20.0
613;7;0.46770781051706556;20.0;30.0
614;7;0.18731548501296968;20.0;40.0
615;7;0.08247198372352813;20.0;50.0
616;7;0.024650427630708075;20.0;60.0
617;7;0.1235366046832537;20.0;70.0
618;7;0.015030129392899149;20.0;80.0
619;7;-0.05354455318881479;20.0;90.0
620;7;0.026902679269983545;20.0;100.0
621;7;0.6638485147923321;30.0;10.0
622;7;0.5708535979216512;30.0;20.0
623;7;0.12294615868560128;30.0;30.0
624;7;0.17503299272907516;30.0;40.0
625;7;0.14323775877570538;30.0;50.0
626;7;0.002466696929666938;30.0;60.0
627;7;0.026381505912565155;30.0;70.0
628;7;-0.024640084184341937;30.0;80.0
629;7;-0.049350540430937465;30.0;90.0
630;7;0.04855198958286916;30.0;100.0
631;7;0.5711781600002024;40.0;10.0
632;7;0.6034596091063188;40.0;20.0
633;7;0.6367026168189395;40.0;30.0
634;7;0.14090529858522263;40.0;40.0
635;7;0.0028687840611815313;40.0;50.0
636;7;0.07218155611047734;40.0;60.0
637;7;-0.03760613477022334;40.0;70.0
638;7;-0.02287989871888257;40.0;80.0
639;7;0.01810881363567073;40.0;90.0
640;7;0.0758772898983418;40.0;100.0
641;7;0.5416760228244932;50.0;10.0
642;7;0.5903576763912158;50.0;20.0
643;7;0.4218087600900589;50.0;30.0
644;7;0.7512912548433842;50.0;40.0
645;7;0.06769735825741205;50.0;50.0
646;7;0.12656861667148875;50.0;60.0
647;7;-0.04416765102286557;50.0;70.0
648;7;0.06902591632732971;50.0;80.0
649;7;-0.02640930889423827;50.0;90.0
650;7;0.008239202443883485;50.0;100.0
651;7;0.5046735096462396;60.0;10.0
652;7;0.5993190198216068;60.0;20.0
653;7;0.509513988232981;60.0;30.0
654;7;0.5237450995362294;60.0;40.0
655;7;0.8120206058046872;60.0;50.0
656;7;0.11288877116853357;60.0;60.0
657;7;0.0015187459457213452;60.0;70.0
658;7;0.0861037899619781;60.0;80.0
659;7;0.08922809237996235;60.0;90.0
660;7;-0.06139275995772612;60.0;100.0
661;7;0.1414464314498086;70.0;10.0
662;7;0.02893623646587741;70.0;20.0
663;7;0.28342114031161025;70.0;30.0
664;7;0.4381065471158309;70.0;40.0
665;7;0.5185708225692288;70.0;50.0
666;7;0.8066665529770212;70.0;60.0
667;7;0.030819196878828697;70.0;70.0
668;7;0.05179072978972044;70.0;80.0
669;7;-0.09349285464841903;70.0;90.0
670;7;0.06846467302392455;70.0;100.0
671;7;-0.009260567811283399;80.0;10.0
672;7;0.010248385235471995;80.0;20.0
673;7;0.04106005482839153;80.0;30.0
674;7;0.13330288266131668;80.0;40.0
675;7;0.22919427911561513;80.0;50.0
676;7;0.8171273614421598;80.0;60.0
677;7;0.9015913910679626;80.0;70.0
678;7;0.09361994771206707;80.0;80.0
679;7;0.0503823663971147;80.0;90.0
680;7;0.04732578930821174;80.0;100.0
681;7;-0.09023534546299337;90.0;10.0
682;7;0.02039791670973312;90.0;20.0
683;7;-0.018689337898703515;90.0;30.0
684;7;0.012209289039293513;90.0;40.0
685;7;0.221486200153112;90.0;50.0
686;7;0.8405853101711702;90.0;60.0
687;7;1.0337841229384919;90.0;70.0
688;7;1.0718721726529816;90.0;80.0
689;7;0.0647139121371631;90.0;90.0
690;7;0.055949189595847486;90.0;100.0
691;7;1.09484618776725;100.0;10.0
692;7;1.026929548497092;100.0;20.0
693;7;0.9671244269221757;100.0;30.0
694;7;0.9765005081503558;100.0;40.0
695;7;1.0577836700774719;100.0;50.0
696;7;0.9893362725512479;100.0;60.0
697;7;1.0975879317625823;100.0;70.0
698;7;0.9281800116639611;100.0;80.0
699;7;0.9518968676704763;100.0;90.0
700;7;-0.09348847878338748;100.0;100.0
701;8;0.020574856775320192;10.0;10.0
702;8;0.4131750466117514;10.0;20.0
703;8;0.39272640793684266;10.0;30.0
704;8;0.19875197322707536;10.0;40.0
705;8;0.007101844454303979;10.0;50.0
706;8;0.0340647508357709;10.0;60.0
707;8;-0.003232733822896388;10.0;70.0
708;8;0.0498578893030413;10.0;80.0
709;8;0.0847088694394847;10.0;90.0
710;8;-0.05678280527063653;10.0;100.0
711;8;0.451567562210145;20.0;10.0
712;8;0.08888433382297431;20.0;20.0
713;8;0.5578640972123525;20.0;30.0
714;8;0.24102591725888156;20.0;40.0
715;8;0.041944378871762514;20.0;50.0
716;8;0.11226110669028902;20.0;60.0
717;8;-0.05383116097028857;20.0;70.0
718;8;-0.008013820114849784;20.0;80.0
719;8;-0.04060372408292679;20.0;90.0
720;8;0.08322042505597319;20.0;100.0
721;8;0.6763839350355001;30.0;10.0
722;8;0.6913873599191903;30.0;20.0
723;8;0.03119552128994263;30.0;30.0
724;8;0.16581378506276853;30.0;40.0
725;8;0.12756951723074667;30.0;50.0
726;8;-0.01643904235885827;30.0;60.0
727;8;0.10953225629741614;30.0;70.0
728;8;-0.05023426718934476;30.0;80.0
729;8;0.0786108552559854;30.0;90.0
730;8;0.015216721639311565;30.0;100.0
731;8;0.576619098708485;40.0;10.0
732;8;0.5425611759752381;40.0;20.0
733;8;0.5327252454127935;40.0;30.0
734;8;-0.04141193011036264;40.0;40.0
735;8;0.06573704514122354;40.0;50.0
736;8;0.14274949445515897;40.0;60.0
737;8;0.03475808523725748;40.0;70.0
738;8;0.03393000458111596;40.0;80.0
739;8;-0.027125853184658513;40.0;90.0
740;8;0.023867329762579416;40.0;100.0
741;8;0.5224240066070862;50.0;10.0
742;8;0.5587558061878998;50.0;20.0
743;8;0.5464191625719453;50.0;30.0
744;8;0.6895700672782061;50.0;40.0
745;8;0.13069864389273395;50.0;50.0
746;8;0.06540403284652807;50.0;60.0
747;8;-0.057520668572662276;50.0;70.0
748;8;0.08383035465214023;50.0;80.0
749;8;-0.033387232898397;50.0;90.0
750;8;0.0810644716678919;50.0;100.0
751;8;0.41457114812188794;60.0;10.0
752;8;0.5274369074956181;60.0;20.0
753;8;0.38476073306457187;60.0;30.0
754;8;0.5561247296003521;60.0;40.0
755;8;0.8094175531458416;60.0;50.0
756;8;0.03592484282427233;60.0;60.0
757;8;0.1144480344955418;60.0;70.0
758;8;-0.06525166202060434;60.0;80.0
759;8;0.10490769172982604;60.0;90.0
760;8;0.08532103777875998;60.0;100.0
761;8;0.09085357189593929;70.0;10.0
762;8;0.07276108554484155;70.0;20.0
763;8;0.19998866973389204;70.0;30.0
764;8;0.5116256902523094;70.0;40.0
765;8;0.6505239247151644;70.0;50.0
766;8;0.8205831986607586;70.0;60.0
767;8;-0.09045001599336014;70.0;70.0
768;8;-0.060913988629094314;70.0;80.0
769;8;-0.017114620961704494;70.0;90.0
770;8;0.07737471568840901;70.0;100.0
771;8;0.10082704013826269;80.0;10.0
772;8;0.07637233896500237;80.0;20.0
773;8;-0.010239453420014043;80.0;30.0
774;8;0.012258565777907113;80.0;40.0
775;8;0.29875388680073417;80.0;50.0
776;8;0.7629882087893801;80.0;60.0
777;8;1.0741099583854432;80.0;70.0
778;8;0.010772900194734045;80.0;80.0
779;8;0.02669481962720931;80.0;90.0
780;8;0.0067941679113250565;80.0;100.0
781;8;-0.09556092384523092;90.0;10.0
782;8;-0.019025419716729844;90.0;20.0
783;8;0.0821208583050873;90.0;30.0
784;8;-0.049523510882339916;90.0;40.0
785;8;0.325045895403859;90.0;50.0
786;8;0.8733184578725152;90.0;60.0
787;8;0.9460399922043156;90.0;70.0
788;8;1.0758995424004618;90.0;80.0
789;8;-0.09275789294685396;90.0;90.0
790;8;0.02479097465953041;90.0;100.0
791;8;0.9574484494767077;100.0;10.0
792;8;1.0740396439313036;100.0;20.0
793;8;0.9725280141521153;100.0;30.0
794;8;0.9960183239305561;100.0;40.0
795;8;0.9109072249381417;100.0;50.0
796;8;0.9124097973668212;100.0;60.0
797;8;0.9094337128721519;100.0;70.0
798;8;1.0384924592912765;100.0;80.0
799;8;1.060614109769202;100.0;90.0
800;8;0.025813840068879115;100.0;100.0
801;9;0.07311784283438309;10.0;10.0
802;9;0.4931054379123726;10.0;20.0
803;9;0.4961692910590921;10.0;30.0
804;9;0.2436379235140472;10.0;40.0
805;9;0.08480387448870084;10.0;50.0
806;9;-0.05075433349198278;10.0;60.0
807;9;0.07855601727558643;10.0;70.0
808;9;-0.06810937183762741;10.0;80.0
809;9;0.029876567493348147;10.0;90.0
810;9;-0.01288734580229026;10.0;100.0
811;9;0.5806452341427815;20.0;10.0
812;9;0.1867039141169748;20.0;20.0
813;9;0.5052004361256488;20.0;30.0
814;9;0.15362622055365593;20.0;40.0
815;9;-0.015024322559276534;20.0;50.0
816;9;0.11176683242032641;20.0;60.0
817;9;-0.04575714294043901;20.0;70.0
818;9;-0.04625256709411431;20.0;80.0
819;9;0.014404439458798587;20.0;90.0
820;9;0.019973960611325094;20.0;100.0
821;9;0.6868157834115867;30.0;10.0
822;9;0.6584880249870058;30.0;20.0
823;9;0.07940169965121449;30.0;30.0
824;9;0.24789962800561155;30.0;40.0
825;9;0.05841568876459586;30.0;50.0
826;9;0.15346901075416178;30.0;60.0
827;9;0.035025601682506784;30.0;70.0
828;9;0.117073150269439;30.0;80.0
829;9;0.10536256945787989;30.0;90.0
830;9;0.00823094258044517;30.0;100.0
831;9;0.7168882614310329;40.0;10.0
832;9;0.5237045705611768;40.0;20.0
833;9;0.5101510273817522;40.0;30.0
834;9;-0.011835604484262956;40.0;40.0
835;9;0.1734900375996824;40.0;50.0
836;9;0.011361148603941343;40.0;60.0
837;9;0.09158526090239578;40.0;70.0
838;9;0.038121072104413636;40.0;80.0
839;9;0.061027672534654145;40.0;90.0
840;9;-0.03131730342942676;40.0;100.0
841;9;0.6506819982871722;50.0;10.0
842;9;0.5127803159720815;50.0;20.0
843;9;0.5628326054029832;50.0;30.0
844;9;0.6466432403694423;50.0;40.0
845;9;0.11984410350160907;50.0;50.0
846;9;0.06245070473508933;50.0;60.0
847;9;0.12313637546143762;50.0;70.0
848;9;0.10564100287656732;50.0;80.0
849;9;-0.00793446618166722;50.0;90.0
850;9;-0.06274211284179695;50.0;100.0
851;9;0.4181412075407946;60.0;10.0
852;9;0.5864936809934858;60.0;20.0
853;9;0.5185752834681692;60.0;30.0
854;9;0.5344813536305962;60.0;40.0
855;9;0.7851955380178488;60.0;50.0
856;9;0.03524054898437716;60.0;60.0
857;9;0.010278546106893117;60.0;70.0
858;9;0.026380274800467944;60.0;80.0
859;9;0.009976282652093955;60.0;90.0
860;9;-0.08240862942441991;60.0;100.0
861;9;0.057815414273202324;70.0;10.0
862;9;0.0645547013374761;70.0;20.0
863;9;0.283361901921196;70.0;30.0
864;9;0.35809506475433406;70.0;40.0
865;9;0.5281175262621487;70.0;50.0
866;9;0.8391261068610472;70.0;60.0
867;9;0.05968417767513405;70.0;70.0
868;9;0.024135904325718462;70.0;80.0
869;9;-0.07156846233825438;70.0;90.0
870;9;0.05148110915436272;70.0;100.0
871;9;0.08594055980516602;80.0;10.0
872;9;0.08145745844447638;80.0;20.0
873;9;0.11169596045708088;80.0;30.0
874;9;-0.00855850633363893;80.0;40.0
875;9;0.18371597725696792;80.0;50.0
876;9;0.949017430540368;80.0;60.0
877;9;1.0637724291827613;80.0;70.0
878;9;0.04208574369281317;80.0;80.0
879;9;-0.017039153622393357;80.0;90.0
880;9;-0.05705555099901761;80.0;100.0
881;9;0.09632176126970371;90.0;10.0
882;9;-0.022004693200497742;90.0;20.0
883;9;0.0737355638355176;90.0;30.0
884;9;0.0944537794734662;90.0;40.0
885;9;0.22946746230231502;90.0;50.0
886;9;0.7041716501396105;90.0;60.0
887;9;0.9943061868861125;90.0;70.0
888;9;1.0035023419606601;90.0;80.0
889;9;0.07606341851745485;90.0;90.0
890;9;0.008653744290227926;90.0;100.0
891;9;1.0265942628341305;100.0;10.0
892;9;1.017817018897055;100.0;20.0
893;9;0.9123079014544966;100.0;30.0
894;9;0.9244475876144225;100.0;40.0
895;9;0.9111656226197442;100.0;50.0
896;9;0.9888768449922296;100.0;60.0
897;9;1.059267129942405;100.0;70.0
898;9;0.9053913886408581;100.0;80.0
899;9;0.9623665413909102;100.0;90.0
900;9;-0.07469054330995589;100.0;100.0
901;10;0.06207906189213267;10.0;10.0
902;10;0.553722802879562;10.0;20.0
903;10;0.41890308802691956;10.0;30.0
904;10;0.19429976564959503;10.0;40.0
905;10;0.06451841496650698;10.0;50.0
906;10;0.0058499050158604265;10.0;60.0
907;10;0.03452168532331393;10.0;70.0
908;10;0.053133822021979304;10.0;80.0
909;10;0.004104672888723113;10.0;90.0
910;10;0.009042156450518795;10.0;100.0
911;10;0.52689736411666;20.0;10.0
912;10;0.11873520873921095;20.0;20.0
913;10;0.4825689734816755;20.0;30.0
914;10;0.15489074864087574;20.0;40.0
915;10;0.02603070920036498;20.0;50.0
916;10;0.12943006013032268;20.0;60.0
917;10;0.08927486303960694;20.0;70.0
918;10;0.07754138958109674;20.0;80.0
919;10;-0.02402988401228899;20.0;90.0
920;10;-0.06606939593472243;20.0;100.0
921;10;0.511399740308062;30.0;10.0
922;10;0.5747741287312947;30.0;20.0
923;10;-0.002185799708169567;30.0;30.0
924;10;0.19359675047837693;30.0;40.0
925;10;0.1642158481338702;30.0;50.0
926;10;-0.02897597208092776;30.0;60.0
927;10;0.0436443446693945;30.0;70.0
928;10;0.038810245181257974;30.0;80.0
929;10;-0.044770153704394966;30.0;90.0
930;10;0.09110610860104215;30.0;100.0
931;10;0.6642600718370081;40.0;10.0
932;10;0.5224092552861866;40.0;20.0
933;10;0.5302079231871635;40.0;30.0
934;10;0.0549610671968106;40.0;40.0
935;10;0.1645400181226683;40.0;50.0
936;10;0.12669282872751056;40.0;60.0
937;10;0.0620588924461903;40.0;70.0
938;10;0.03640494770260249;40.0;80.0
939;10;0.08058255475110138;40.0;90.0
940;10;0.0879878086045244;40.0;100.0
941;10;0.6016102121367843;50.0;10.0
942;10;0.5997118735040179;50.0;20.0
943;10;0.5477747005765744;50.0;30.0
944;10;0.7560401821351517;50.0;40.0
945;10;-0.024219893981026454;50.0;50.0
946;10;0.10257558641372186;50.0;60.0
947;10;0.02179194943598193;50.0;70.0
948;10;0.08728898104590667;50.0;80.0
949;10;0.06903920881870532;50.0;90.0
950;10;0.05444941805470699;50.0;100.0
951;10;0.4465210887261552;60.0;10.0
952;10;0.449620781172268;60.0;20.0
953;10;0.4323823997810772;60.0;30.0
954;10;0.6499708576461581;60.0;40.0
955;10;0.7558574767481371;60.0;50.0
956;10;0.08852491356984236;60.0;60.0
957;10;0.10343707727377491;60.0;70.0
958;10;-0.07078273948328885;60.0;80.0
959;10;-0.014999113122501845;60.0;90.0
960;10;0.05233505425636056;60.0;100.0
961;10;-0.028530945667594107;70.0;10.0
962;10;0.16112072936118532;70.0;20.0
963;10;0.20858404175079287;70.0;30.0
964;10;0.46702327998118026;70.0;40.0
965;10;0.6032399370564654;70.0;50.0
966;10;0.925078880112749;70.0;60.0
967;10;-0.00010174497173183776;70.0;70.0
968;10;0.04354923019493818;70.0;80.0
969;10;0.025132705748476585;70.0;90.0
970;10;-0.016472702651732847;70.0;100.0
971;10;0.08845937193189064;80.0;10.0
972;10;0.06873063832499757;80.0;20.0
973;10;-0.006819031122191975;80.0;30.0
974;10;0.08985443831791098;80.0;40.0
975;10;0.28535879792903934;80.0;50.0
976;10;0.9416618656875589;80.0;60.0
977;10;0.958035321442409;80.0;70.0
978;10;-0.06147323386267359;80.0;80.0
979;10;0.042173019915155;80.0;90.0
980;10;-0.03805359579569783;80.0;100.0
981;10;0.08062263693213911;90.0;10.0
982;10;0.050674657928391056;90.0;20.0
983;10;-0.06853416872967598;90.0;30.0
984;10;-0.029812734807950783;90.0;40.0
985;10;0.24173149860301313;90.0;50.0
986;10;0.8628747547964185;90.0;60.0
987;10;0.9679533413224637;90.0;70.0
988;10;1.0196842360701905;90.0;80.0
989;10;-0.011793482263232444;90.0;90.0
990;10;0.08386326319168681;90.0;100.0
991;10;1.0891900634362466;100.0;10.0
992;10;1.0355033180001778;100.0;20.0
993;10;1.0290256760499328;100.0;30.0
994;10;0.9927654484402473;100.0;40.0
995;10;0.9643724095648084;100.0;50.0
996;10;1.0241647713671067;100.0;60.0
997;10;1.002224400211841;100.0;70.0
998;10;0.9086576011590312;100.0;80.0
999;10;1.0885869708352143;100.0;90.0
1000;10;0.09803080262341579;100.0;100.0
